((("char-before" .
   [1 0 0 0 0 0 0 0 0 0 0])
  ("backward-char" .
   [1 0 0 0 0 0 0 0 0 0 0 0 0])
  (".this.is.a.test" .
   [0 0 0 0 0 0 0 1 0 0 0 0 0 0 0])
  ("equal" .
   [2 0 0 0 0])
  ("get-buffer" .
   [5 0 0 0 0 0 0 0 0 0])
  ("if" .
   [5 0])
  ("current-buffer" .
   [2 0 0 0 0 0 0 0 0 0 0 0 0 0])
  ("other-buffer" .
   [1 0 0 0 0 2 0 0 0 0 0 0])
  ("read-buffer" .
   [2 0 0 0 0 0 0 1 0 0 0])
  ("list" .
   [3 0 0 0])
  ("nil" .
   [6 0 0])
  ("buffer" .
   [18 0 0 0 0 0])
  ("point-min" .
   [1 0 0 0 0 0 0 0 0])
  ("goto-char" .
   [0 0 0 1 1 0 0 0 0])
  ("push-mark" .
   [0 0 1 0 1 0 0 0 0])
  ("simplified-end-of-buffer" .
   [0 0 0 0 0 0 1 0 0 0 0 0 0 0 0 0 0 0 0 0 0 0 0 0])
  ("point-max" .
   [3 0 0 0 0 0 0 0 0])
  ("point" .
   [3 0 0 0 0])
  ("let" .
   [4 0 0])
  ("message" .
   [11 0 0 0 0 0 0])
  ("state_10" .
   [1 0 0 0 0 0 0 0])
  ("state_jal1" .
   [1 0 0 0 0 0 0 0 0 0])
  ("state_9" .
   [1 0 0 0 0 0 0])
  ("state_8" .
   [2 0 0 0 0 0 0])
  ("state_1" .
   [1 0 0 0 0 0 0])
  ("state_0" .
   [3 0 0 0 0 0 0])
  ("matrix1" .
   [1 0 0 0 0 0 0])
  ("down" .
   [5 0 0 1])
  ("tempRow" .
   [2 0 0 0 0 8 2])
  ("transpose" .
   [0 0 0 1 0 0 0 0 0])
  ("col" .
   [3 0 0])
  ("setZero" .
   [1 0 0 3 3 0 0])
  ("Exclamation" .
   [0 0 1 0 0 0 0 0 0 0 0])
  ("with" .
   [2 0 0 0])
  ("voice" .
   [1 0 0 0 0])
  ("Passive" .
   [0 0 0 0 1 0 0])
  ("verb" .
   [1 0 0 0])
  ("Question" .
   [0 0 1 0 0 0 0 0])
  ("Phrases" .
   [4 0 0 0 0 0 0])
  ("that/who" .
   [2 0 0 0 0 0 0 0])
  ("Inverted" .
   [1 0 0 0 0 1 0 0])
  ("Declarative" .
   [0 0 0 1 0 0 0 0 0 0 0])
  ("Interrogative" .
   [0 0 0 0 1 0 0 0 0 0 0 0 0])
  ("Conjunction" .
   [0 0 0 0 1 0 0 0 0 0 0])
  ("Preposition" .
   [0 0 0 1 1 0 0 0 0 0 0])
  ("Non-predicate" .
   [0 0 0 0 1 0 0 0 0 0 0 0 0])
  ("Modal" .
   [2 0 0 0 0])
  ("Adverb" .
   [2 0 0 0 0 0])
  ("pronoun" .
   [0 0 0 0 0 0 1])
  ("Adjective" .
   [0 0 0 1 0 0 0 0 0])
  ("Article" .
   [0 0 1 0 0 0 0])
  ("Tense" .
   [5 0 0 0 0])
  ("Negation" .
   [1 0 0 0 1 0 0 0])
  ("nouns" .
   [3 0 1 0 0])
  ("Countable/Uncountable" .
   [0 0 1 0 0 0 0 0 0 0 1 0 2 0 0 0 0 0 0 0 0])
  ("Antisence" .
   [0 0 0 0 1 0 0 0 0])
  ("clause" .
   [1 0 1 2 0 0])
  ("Attributive" .
   [0 0 0 2 1 0 0 0 0 0 0])
  ("Verb" .
   [1 0 0 5])
  ("tempNode" .
   [1 0 0 0 0 2 0 1])
  ("PathKnown" .
   [0 0 0 0 0 0 0 0 3])
  ("visitClear" .
   [0 0 0 0 0 0 1 0 0 0])
  ("source" .
   [7 0 0 0 1 0])
  ("wei" .
   [1 0 0])
  ("weight" .
   [3 0 0 2 0 2])
  ("push_back" .
   [0 0 0 0 1 0 0 0 0])
  ("public" .
   [0 0 2 0 0 0])
  ("_sur_tra" .
   [0 0 0 0 1 0 0 0])
  ("NodeTable" .
   [0 0 1 0 1 0 0 0 0])
  ("num" .
   [4 0 0])
  ("_suf_travesal" .
   [1 0 0 3 0 0 0 0 0 0 0 0 0])
  ("ch" .
   [8 0])
  ("currntNode" .
   [0 0 0 2 1 0 0 0 0 0])
  ("rchild" .
   [0 0 1 0 0 0])
  ("lchild" .
   [0 0 0 1 0 0])
  ("in" .
   [1 0])
  ("posi" .
   [4 0 0 0])
  ("count" .
   [1 0 0 0 1])
  ("max" .
   [2 0 0])
  ("print" .
   [5 0 0 0 7])
  ("currentPosition" .
   [0 0 2 7 1 0 0 0 0 0 0 0 0 0 0])
  ("AdjMatrix" .
   [0 0 7 3 0 0 0 0 0])
  ("deleteArc" .
   [0 0 0 0 0 0 0 1 0])
  ("deleteVex" .
   [0 0 0 0 0 0 1 0 1])
  ("InsertArc" .
   [0 0 0 0 0 0 0 1 0])
  ("end" .
   [6 0 0])
  ("InsertVex" .
   [0 0 0 0 0 0 0 1 0])
  ("mygraph" .
   [0 0 4 4 0 1 0])
  ("unsigned" .
   [0 0 1 2 5 0 0 0])
  ("str3" .
   [5 0 0 0])
  ("str2" .
   [9 0 0 0])
  ("c_str" .
   [1 0 0 0 0])
  ("length" .
   [6 0 1 2 2 0])
  ("strings" .
   [4 0 0 0 0 0 0])
  ("str1" .
   [11 0 0 0])
  ("str" .
   [14 0 0])
  ("countString" .
   [0 0 0 0 2 0 0 0 0 0 0])
  ("nextChild" .
   [0 0 1 0 0 3 0 0 0])
  ("childCode" .
   [0 0 0 0 1 0 0 0 0])
  ("String" .
   [3 0 0 0 0 0])
  ("MAX" .
   [3 0 0])
  ("b01111" .
   [1 0 0 0 0 0])
  ("JR" .
   [1 0])
  ("b01101" .
   [1 0 0 0 0 0])
  ("b01100" .
   [1 0 0 0 0 0])
  ("`JAL" .
   [1 0 0 0])
  ("`JP" .
   [3 0 0])
  ("PC" .
   [1 0])
  ("ALUout" .
   [1 0 0 0 0 0])
  ("Memory_data_reg" .
   [0 0 0 0 0 0 0 0 0 1 0 0 0 0 0])
  ("Memory" .
   [0 0 0 0 0 1])
  ("regWriteData" .
   [0 0 0 0 0 0 0 1 0 0 0 0])
  ("a" .
   [1])
  ("`SUBU" .
   [3 0 0 0 0])
  ("hffff" .
   [4 0 0 0 0])
  ("ALU_SHF" .
   [1 0 0 0 0 0 1])
  ("SLL" .
   [1 0 0])
  ("ALU_SLT" .
   [1 0 0 0 0 0 1])
  ("SLTIU" .
   [2 0 0 0 0])
  ("LUI" .
   [1 0 0])
  ("SLTI" .
   [3 0 0 0])
  ("ALU_SLTU" .
   [0 0 0 0 1 0 0 1])
  ("out" .
   [6 0 0])
  ("`SLT" .
   [4 0 0 3])
  ("`OR" .
   [2 0 0])
  ("res" .
   [1 0 0])
  ("ADDIU" .
   [2 0 0 0 0])
  ("mem" .
   [59 0 0])
  ("BNE" .
   [1 0 0])
  ("state_6" .
   [0 0 0 2 0 0 0])
  ("States" .
   [1 0 0 1 0 1])
  ("next_state" .
   [1 0 0 0 1 0 0 0 0 2])
  ("b100011" .
   [1 0 0 0 0 0 0])
  ("SLT" .
   [2 0 0])
  ("b000000" .
   [1 0 0 0 0 0 0])
  ("parameter" .
   [0 0 0 0 2 1 2 1 1])
  ("同意做" .
   [0 0 1])
  ("into" .
   [0 0 1 0])
  ("part" .
   [1 0 0 0])
  ("take" .
   [0 0 0 1])
  ("used" .
   [1 0 0 0])
  ("the" .
   [8 0 1])
  ("vector" .
   [1 0 1 2 0 0])
  ("input" .
   [25 0 1 0 0])
  ("tree" .
   [6 0 0 0])
  ("nullptr" .
   [0 0 0 0 2 1 0])
  ("left" .
   [4 0 3 0])
  ("right" .
   [0 0 6 0 3])
  ("data" .
   [10 0 0 0])
  ("node" .
   [46 0 0 1])
  ("std" .
   [19 0 0])
  ("root" .
   [25 0 0 4])
  ("package-archives" .
   [0 0 0 1 0 0 0 0 0 0 1 0 0 0 0 0])
  ("change" .
   [1 0 0 1 0 0])
  ("preorderPrint" .
   [0 0 0 1 0 0 0 0 0 0 0 0 0])
  ("mytree" .
   [3 0 2 0 0 1])
  ("incldue" .
   [0 0 1 0 0 0 0])
  ("expr" .
   [1 0 0 0])
  ("StackDest" .
   [1 0 0 3 0 0 0 0 2])
  ("StackInit" .
   [2 0 0 0 0 0 1 0 1])
  ("Stack" .
   [0 0 0 0 1])
  ("mystack" .
   [0 0 1 2 0 0 0])
  ("initialize" .
   [0 0 0 1 0 0 0 0 0 0])
  ("StackClear" .
   [1 0 0 0 0 1 0 0 0 0])
  ("ac-sources" .
   [0 0 0 0 0 0 0 0 0 2])
  ("add-hook" .
   [0 0 0 0 1 0 0 0])
  ("c++-mode-hook" .
   [0 0 0 0 0 0 0 0 0 0 0 0 1])
  ("ac-emacs-c++mode" .
   [0 0 0 0 0 1 0 0 0 0 0 0 0 0 0 0])
  ("setq" .
   [2 0 0 2])
  ("defun" .
   [3 0 0 0 0])
  ("insert" .
   [2 0 0 5 0 3])
  ("interactive" .
   [0 0 0 0 4 0 0 0 0 0 0])
  ("want" .
   [1 0 0 0])
  ("check" .
   [0 0 1 0 0])
  ("None" .
   [0 0 0 2])
  ("self" .
   [0 0 1 1])
  ("ele" .
   [3 0 0])
  ("Node" .
   [5 0 0 0])
  ("`ADDIU" .
   [4 0 4 4 16 0])
  ("`BNE" .
   [7 0 0 0])
  ("d5555" .
   [1 0 0 0 0])
  ("d4" .
   [16 0])
  ("d2" .
   [27 0])
  ("d3" .
   [24 0])
  ("d0" .
   [40 0])
  ("d1" .
   [40 0])
  ("pc" .
   [1 0])
  ("h5555" .
   [1 0 0 0 0])
  ("h2222" .
   [2 0 0 0 0])
  ("h7777" .
   [2 0 0 0 0])
  ("d7" .
   [3 0])
  ("h1111" .
   [4 0 0 0 0])
  ("d5" .
   [8 0])
  ("d6" .
   [4 0])
  ("h3333" .
   [1 0 0 0 0])
  ("`SLTIU" .
   [1 0 0 5 0 0])
  ("d44" .
   [2 0 0])
  ("d14" .
   [2 0 0])
  ("b0" .
   [1 0])
  ("default" .
   [0 0 0 0 1 0 1])
  ("iostream" .
   [1 0 0 0 0 0 0 0])
  ("namespace" .
   [0 0 0 0 0 1 0 0 0])
  ("i" .
   [1])
  ("firstchild" .
   [1 0 1 1 0 1 0 0 0 1])
  ("siblings" .
   [1 0 3 2 0 0 0 0])
  ("nodes" .
   [22 0 0 0 0])
  ("protected" .
   [0 0 0 0 0 1 0 0 0])
  ("_init" .
   [1 0 0 0 0])
  ("temp" .
   [24 0 0 0])
  ("cin" .
   [12 0 0])
  ("first" .
   [1 0 0 0 0])
  ("next" .
   [8 0 0 1])
  ("tempchild" .
   [2 0 0 0 0 0 0 0 1])
  ("newchild" .
   [1 0 0 0 0 1 0 1])
  ("string" .
   [4 0 0 0 0 0])
  ("cout" .
   [16 0 0 0])
  ("endl" .
   [13 0 0 1])
  ("_print" .
   [0 0 0 1 0 1])
  ("depth" .
   [0 0 0 1 1])
  ("number" .
   [4 0 0 4 0 0])
  ("children" .
   [1 0 0 0 5 0 2 8])
  ("nextchild" .
   [0 0 0 1 2 3 1 0 0])
  ("parent" .
   [2 0 0 0 0 0])
  ("child" .
   [8 0 0 0 1])
  ("newnode" .
   [1 0 0 0 0 1 0])
  ("arch" .
   [9 0 0 0])
  ("nextarch" .
   [0 0 0 0 1 1 0 0])
  ("tail" .
   [8 0 0 0])
  ("head" .
   [11 0 0 0])
  ("code" .
   [1 0 0 0])
  ("nextArch" .
   [0 0 0 1 1 8 0 4])
  ("Graph" .
   [1 0 0 2 0])
  ("edges" .
   [4 0 0 0 0])
  ("nodeTable" .
   [0 0 0 0 0 2 0 0 1])
  ("adjTable" .
   [4 0 1 9 1 0 0 0])
  ("vex" .
   [2 0 1])
  ("visited" .
   [3 0 1 0 0 0 3])
  ("shld" .
   [2 0 0 0])
  ("result" .
   [3 0 0 0 0 1])
  ("printf" .
   [2 0 0 0 1 1])
  ("order" .
   [4 0 0 0 0])
  ("start" .
   [14 0 0 1 0])
  ("_DFS_search_length" .
   [1 0 0 0 0 0 0 0 0 0 0 0 0 0 0 0 1 0])
  ("flag" .
   [1 0 0 0])
  ("treeList" .
   [1 0 0 0 0 0 0 0])
  ("zero_flag" .
   [0 0 0 1 1 0 0 0 0])
  ("INF" .
   [1 0 0])
  ("shortest" .
   [0 0 0 0 0 0 0 1])
  ("currnetShortNode" .
   [0 0 0 0 1 0 0 0 0 0 0 0 0 0 0 0])
  ("background" .
   [0 0 0 0 1 2 1 0 0 0])
  ("layer" .
   [3 0 0 1 1])
  ("Image" .
   [0 0 0 1 0])
  ("image" .
   [2 0 0 0 0])
  ("odot" .
   [3 0 0 2])
  ("where" .
   [3 0 0 0 0])
  ("function" .
   [0 0 0 0 1 0 0 0])
  ("that" .
   [2 0 0 0])
  ("determining" .
   [0 0 0 1 0 0 0 0 0 0 0])
  ("visibility" .
   [0 0 0 0 1 0 1 0 0 0])
  ("pixels" .
   [0 0 0 2 0 0])
  ("while" .
   [1 0 0 0 0])
  ("foreground" .
   [0 0 0 0 0 3 0 0 0 0])
  ("x=x_F" .
   [1 0 0 0 0])
  ("x_B" .
   [0 0 1])
  ("tag" .
   [3 0 1])
  ("approximate" .
   [0 0 0 0 0 0 0 0 0 0 1])
  ("layered" .
   [0 0 0 0 0 0 1])
  ("generate" .
   [1 0 0 0 1 0 0 0])
  ("Generation" .
   [0 0 0 0 0 0 0 0 0 1])
  ("process" .
   [0 0 0 0 1 0 0])
  ("follow" .
   [0 0 0 0 0 1])
  ("and" .
   [5 0 0])
  ("latent" .
   [1 0 0 0 0 0])
  ("variable" .
   [0 0 0 0 0 1 0 1])
  ("sim" .
   [4 0 0])
  ("Given" .
   [1 0 0 0 0])
  ("$y$" .
   [1 0 0])
  ("$z_" .
   [1 0 0])
  ("$x_F$" .
   [0 0 0 0 1])
  ("mathcal" .
   [2 0 0 0 0 0 3])
  ("z_F" .
   [18 0 0])
  ("sigma" .
   [2 0 0 0 0])
  ("N_x" .
   [2 0 0])
  ("gating" .
   [1 0 0 0 0 0])
  ("constant" .
   [1 0 0 0 0 0 0 0])
  ("The" .
   [1 0 0])
  ("mu_" .
   [7 0 0])
  ("z_B" .
   [9 0 0])
  ("$x_B$" .
   [1 0 0 0 0])
  ("theta" .
   [18 0 0 0 1])
  ("theta_F" .
   [3 0 0 0 0 0 0])
  ("theta_g" .
   [2 0 0 0 0 0 0])
  ("theta_B" .
   [1 0 0 0 0 0 0])
  ("generation" .
   [1 0 0 0 0 0 0 0 0 0])
  ("model" .
   [1 0 0 0 1])
  ("x_F" .
   [8 0 0])
  ("recognition" .
   [0 0 0 0 0 0 0 0 1 0 0])
  ("phi" .
   [10 0 0])
  ("variational" .
   [1 0 0 0 0 0 0 0 0 0 0])
  ("given" .
   [1 0 0 0 0])
  ("disCVAE" .
   [1 0 0 0 0 0 0])
  ("aligned" .
   [0 0 0 2 0 0 0])
  ("z_F|x_F" .
   [3 0 0 0 0 0 0])
  ("||p_" .
   [2 0 0 0])
  ("mathbb" .
   [2 0 0 0 0 1])
  ("z_B|z_F" .
   [1 0 0 0 0 0 0])
  ("z_B|x_F" .
   [1 0 0 0 0 0 0])
  ("log" .
   [3 0 0])
  ("g|z_F" .
   [2 0 0 1 0])
  ("lambda_g" .
   [0 0 0 0 0 0 0 1])
  ("$p_" .
   [1 0 0])
  ("SampleA" .
   [0 0 0 1 0 0 13])
  ("multi" .
   [0 0 2 0 0])
  ("tempA" .
   [4 0 0 0 0])
  ("value" .
   [4 0 2 0 0])
  ("CNum" .
   [1 0 3 0])
  ("tempB" .
   [4 0 0 0 0])
  ("Matrix" .
   [1 0 4 0 3 14])
  ("getRow" .
   [1 0 0 0 6 6])
  ("row" .
   [4 0 0])
  ("getColumn" .
   [0 0 0 0 2 7 1 0 1])
  ("Column" .
   [0 0 0 1 0 1])
  ("column" .
   [1 0 0 7 0 1])
  ("returnMatrix" .
   [2 0 0 0 0 0 0 3 0 0 0 0])
  ("SampleC" .
   [6 0 1 0 0 0 1])
  ("Row" .
   [2 0 2])
  ("assign" .
   [0 0 0 2 0 0])
  ("trans" .
   [1 0 0 0 0])
  ("posedge" .
   [0 0 0 0 2 0 0])
  ("clk" .
   [6 0 0])
  ("IR" .
   [1 0])
  ("state" .
   [1 0 0 0 0])
  ("map_base_word" .
   [1 0 0 0 0 0 0 0 0 0 0 0 0])
  ("MIPS_CPU_CYCLE_CNT" .
   [0 0 0 0 0 0 0 0 0 0 0 1 0 0 0 0 0 0])
  ("MIPS_CPU_INSTR_CNT" .
   [1 0 0 0 0 0 0 0 0 0 1 0 0 0 1 0 0 0])
  ("MIPS_CPU_BRJMP_CNT_OFFSET" .
   [0 0 0 0 0 0 0 0 0 0 1 0 0 0 0 0 0 0 0 0 0 0 0 0 0])
  ("MIPS_CPU_LOAD_CNT_OFFSET" .
   [0 0 0 0 0 0 0 0 0 0 1 0 0 0 0 0 0 0 0 0 0 0 0 0])
  ("MIPS_CPU_USER1_CNT" .
   [0 0 0 0 0 0 0 0 0 0 1 0 0 0 0 0 0 0])
  ("MIPS_CPU_USER2_CNT" .
   [0 0 0 0 0 0 0 0 0 0 0 1 0 0 0 0 0 0])
  ("print_parameters" .
   [0 0 0 0 0 0 1 0 0 0 0 0 0 0 0 0])))
